image: cartographer_3.pgm
resolution: 0.050000
origin: [-18.137456, -10.515203, 0.000000]
negate: 0
occupied_thresh: 0.65
free_thresh: 0.196

