image: cartographer_1.pgm
resolution: 0.050000
origin: [-19.513041, -7.658037, 0.000000]
negate: 0
occupied_thresh: 0.65
free_thresh: 0.196

